&INPUTDATA
    format_out = 4
    style = 1
    n_par = 40
    min_par = -3.1415926535897932384626433832795028841971693993751058
    max_par = 3.1415926535897932384626433832795028841971693993751058
    n_alpha = 1
    min_r = 0.1
    max_r = 1.0
    max_it_NR = 500
    max_it_r = 1
    theta_var_along_B = .true.
    n_procs_per_alpha = 2
    n_X = 10
    min_m_X = 80
    max_m_X = 98
    plot_q = .false.
/

pi  = 3.1415926535897932384626433832795028841971693993751058
2pi = 6.2831853071795864769252867665590057683943387987502116
4pi = 12.566370614359172953850573533118011536788677597500423
