&INPUTDATA
    format_out = 3
    style = 1
    n_par = 20
    min_par = 0
    max_par = 12.566370614359172953850573533118011536788677597500423
    n_alpha = 3
    max_it_NR = 500
    max_it_r = 2
    theta_var_along_B = .true.
/

pi   = 3.1415926535897932384626433832795028841971693993751058
4*pi = 12.566370614359172953850573533118011536788677597500423
